4842
7727
8849
1870
7320
2944
5855
873
9596
6193
9838
3122
138
7005
7619
6645
9702
498
6655
6159
7622
4381
3111
8738
7330
256
7736
8963
6822
2022
924
9344
9096
9007
2029
5821
4610
8978
1583
4578
9078
8611
9696
6019
5554
5929
740
3040
404
9626
3482
3870
9637
301
3889
2477
6480
697
4112
4996
2473
9073
7686
382
6326
7358
3929
7216
7454
278
8403
8718
9822
8153
1376
9709
6865
2137
4292
4867
3772
4748
7993
3439
7792
6029
5461
3623
9747
5961
1945
6170
6511
4216
9043
4749
9802
579
1539
1650
6522
2325
4348
9573
787
630
1394
9074
9869
7021
3876
5901
9330
6589
5672
1271
8587
5535
5689
7868
9744
7534
1782
4694
5694
3499
9252
2546
1521
8010
390
9815
7759
8366
2304
1528
5874
8760
5338
1014
2729
2012
5124
1598
3558
9377
9036
861
8451
5413
3995
7945
7403
8168
2185
6932
5455
4990
1331
641
7663
2686
9133
2017
1611
6244
7073
2340
8788
3083
3905
6153
9780
5152
6697
7820
9185
3938
773
9892
8888
6855
8124
5668
7033
8742
78
3261
888
9837
7301
1288
9183
3358
872
9919
6459
7342
5524
9317
8024
475
1220
5314
9460
3945
4927
2266
7321
9813
7623
8407
7067
3163
5261
137
1050
9158
874
7772
1378
5711
6641
1645
4536
2166
6092
6227
1156
5083
8069
5578
4039
9336
3941
5816
6967
6729
1509
2044
2619
9616
1109
3490
970
1172
7440
5959
2014
3327
1424
1663
9533
1504
4535
5517
6565
2839
1357
8966
7801
7482
9514
4518
5335
3123
950
7701
427
3744
4709
21
6559
210
2641
8592
5721
2884
996
5903
3360
263
8443
8194
6271
3591
1778
6114
9472
8231
9751
870
5101
2928
6647
7737
3853
8684
1928
9151
8114
9380
4138
9966
7768
9977
206
4599
7485
5598
473
1816
219
7219
7401
3712
3511
9563
4565
5445
2946
6538
9827
4233
5864
1363
116
4506
9914
5281
1965
9046
5733
6503
4091
5456
1170
2522
8107
378
5274
3379
7146
6531
2754
8896
5930
7700
2708
8778
3298
3274
2636
461
101
8673
2560
9240
3161
7629
4177
9882
2211
9273
627
4984
9791
4452
3815
6044
9379
2503
2518
978
9766
587
8015
5406
5353
2425
4249
2514
4367
2956
9106
5594
128
3550
6770
1089
5530
9845
4033
499
3903
5709
9618
7397
235
6878
2062
6095
7959
1709
7615
5997
1887
1355
1191
2661
4650
7498
8159
2606
8350
7416
9537
2980
6022
9944
5460
6640
9881
1056
4717
8271
7608
9353
2312
7081
1538
9812
3093
6658
4057
9496
5585
2233
7832
8479
5708
9094
3349
4792
9365
7691
335
22
3999
4155
3469
7541
7439
336
45
8357
5862
2427
2968
8412
8803
6730
9555
6006
8204
5616
1068
2190
2993
5642
7904
8260
9963
8639
6553
2206
6866
8325
9398
6710
2728
5806
8868
4638
9475
4392
9846
7248
9809
8829
6725
2116
6616
2652
5448
1076
6298
3963
8832
2921
